
*******************************
*  Output of h5ex_d_sofloat   *
*******************************

Maximum value in write buffer is: 106.6667
Minimum value in write buffer is: 1.7692
Filter type is: 
H5Z_FILTER_SCALEOFFSET
Maximum value in DS1 is 106.6617
Minimum value in DS1 is 1.7692



*******************************
*  Output of h5dump           *
*******************************

HDF5 "h5ex_d_sofloat.h5" {
GROUP "/" {
   DATASET "DS1" {
      DATATYPE  H5T_IEEE_F64LE
      DATASPACE  SIMPLE { ( 64, 32 ) / ( 64, 32 ) }
      DATA {
      (0,0): 3.32923, 6.66923, 9.99923, 13.3292, 16.6639, 20.0039, 23.3339,
      (0,7): 26.6639, 29.9973, 33.3373, 36.6673, 39.9973, 43.3294, 46.6694,
      (0,14): 49.9994, 53.3294, 56.6635, 60.0035, 63.3335, 66.6635, 70.0037,
      (0,21): 73.3337, 76.6637, 80.0037, 83.337, 86.667, 89.997, 93.337,
      (0,28): 96.6617, 100.002, 103.332, 106.662,
      (1,0): 1.76923, 2.53923, 3.30923, 4.07923, 4.84391, 5.61391, 6.38391,
      (1,7): 7.15391, 7.92727, 8.69727, 9.45727, 10.2273, 10.9994, 11.7694,
      (1,14): 12.5394, 13.3094, 14.0735, 14.8435, 15.6135, 16.3835, 17.1537,
      (1,21): 17.9237, 18.6937, 19.4637, 20.227, 20.997, 21.767, 22.537,
      (1,28): 23.3117, 24.0817, 24.8417, 25.6117,
      (2,0): 2.43923, 2.86923, 3.30923, 3.73923, 4.17391, 4.60391, 5.04391,
      (2,7): 5.47391, 5.91727, 6.34727, 6.78727, 7.21727, 7.64939, 8.08939,
      (2,14): 8.51939, 8.95939, 9.39349, 9.82349, 10.2635, 10.6935, 11.1337,
      (2,21): 11.5637, 12.0037, 12.4337, 12.867, 13.307, 13.737, 14.177,
      (2,28): 14.6117, 15.0417, 15.4817, 15.9117,
      (3,0): 3.29923, 3.60923, 3.90923, 4.20923, 4.51391, 4.81391, 5.12391,
      (3,7): 5.42391, 5.72727, 6.02727, 6.33727, 6.63727, 6.93939, 7.23939,
      (3,14): 7.54939, 7.84939, 8.15349, 8.45349, 8.75349, 9.06349, 9.36372,
      (3,21): 9.66372, 9.97372, 10.2737, 10.577, 10.877, 11.177, 11.487,
      (3,28): 11.7917, 12.0917, 12.3917, 12.7017,
      (4,0): 4.22923, 4.46923, 4.69923, 4.92923, 5.16391, 5.39391, 5.62391,
      (4,7): 5.86391, 6.09727, 6.32727, 6.55727, 6.78727, 7.01939, 7.25939,
      (4,14): 7.48939, 7.71939, 7.95349, 8.18349, 8.42349, 8.65349, 8.88372,
      (4,21): 9.11372, 9.35372, 9.58372, 9.81698, 10.047, 10.277, 10.507,
      (4,28): 10.7417, 10.9817, 11.2117, 11.4417,
      (5,0): 5.18923, 5.37923, 5.56923, 5.75923, 5.94391, 6.13391, 6.32391,
      (5,7): 6.51391, 6.69727, 6.88727, 7.07727, 7.26727, 7.44939, 7.63939,
      (5,14): 7.82939, 8.01939, 8.20349, 8.39349, 8.58349, 8.77349, 8.96372,
      (5,21): 9.15372, 9.34372, 9.52372, 9.71698, 9.90698, 10.097, 10.287,
      (5,28): 10.4717, 10.6617, 10.8517, 11.0417,
      (6,0): 6.15923, 6.31923, 6.47923, 6.63923, 6.79391, 6.95391, 7.11391,
      (6,7): 7.27391, 7.42727, 7.58727, 7.74727, 7.90727, 8.05939, 8.21939,
      (6,14): 8.37939, 8.53939, 8.69349, 8.85349, 9.01349, 9.17349, 9.33372,
      (6,21): 9.49372, 9.65372, 9.81372, 9.96698, 10.127, 10.287, 10.447,
      (6,28): 10.6017, 10.7617, 10.9217, 11.0817,
      (7,0): 7.13923, 7.26923, 7.40923, 7.54923, 7.68391, 7.82391, 7.95391,
      (7,7): 8.09391, 8.23727, 8.36727, 8.50727, 8.64727, 8.77939, 8.91939,
      (7,14): 9.05939, 9.18939, 9.33349, 9.46349, 9.60349, 9.74349, 9.87372,
      (7,21): 10.0137, 10.1537, 10.2837, 10.427, 10.557, 10.697, 10.837,
      (7,28): 10.9717, 11.1117, 11.2417, 11.3817,
      (8,0): 8.12048, 8.24048, 8.36048, 8.48048, 8.60241, 8.72241, 8.84241,
      (8,7): 8.96241, 9.08434, 9.20434, 9.32434, 9.44434, 9.56627, 9.68627,
      (8,14): 9.80627, 9.92627, 10.0482, 10.1682, 10.2882, 10.4082, 10.5301,
      (8,21): 10.6501, 10.7701, 10.8901, 11.012, 11.132, 11.252, 11.372,
      (8,28): 11.494, 11.614, 11.734, 11.854,
      (9,0): 9.11048, 9.21048, 9.32048, 9.43048, 9.54241, 9.64241, 9.75241,
      (9,7): 9.86241, 9.96434, 10.0743, 10.1843, 10.2943, 10.3963, 10.5063,
      (9,14): 10.6163, 10.7163, 10.8282, 10.9382, 11.0382, 11.1482, 11.2601,
      (9,21): 11.3701, 11.4701, 11.5801, 11.692, 11.792, 11.902, 12.012,
      (9,28): 12.114, 12.224, 12.334, 12.444,
      (10,0): 10.1005, 10.1905, 10.2905, 10.3905, 10.4824, 10.5824, 10.6824,
      (10,7): 10.7724, 10.8743, 10.9743, 11.0643, 11.1643, 11.2663, 11.3563,
      (10,14): 11.4563, 11.5563, 11.6482, 11.7482, 11.8482, 11.9382, 12.0401,
      (10,21): 12.1401, 12.2301, 12.3301, 12.432, 12.522, 12.622, 12.722,
      (10,28): 12.814, 12.914, 13.014, 13.104,
      (11,0): 11.0905, 11.1805, 11.2705, 11.3505, 11.4424, 11.5324, 11.6224,
      (11,7): 11.7124, 11.7943, 11.8843, 11.9743, 12.0643, 12.1463, 12.2363,
      (11,14): 12.3263, 12.4163, 12.5082, 12.5882, 12.6782, 12.7682, 12.8601,
      (11,21): 12.9501, 13.0401, 13.1201, 13.212, 13.302, 13.392, 13.482,
      (11,28): 13.564, 13.654, 13.744, 13.834,
      (12,0): 12.0805, 12.1605, 12.2405, 12.3205, 12.4024, 12.4924, 12.5724,
      (12,7): 12.6524, 12.7343, 12.8143, 12.8943, 12.9743, 13.0563, 13.1363,
      (12,14): 13.2163, 13.2963, 13.3782, 13.4682, 13.5482, 13.6282, 13.7101,
      (12,21): 13.7901, 13.8701, 13.9501, 14.032, 14.112, 14.192, 14.272,
      (12,28): 14.354, 14.444, 14.524, 14.604,
      (13,0): 13.0705, 13.1505, 13.2305, 13.3005, 13.3724, 13.4524, 13.5224,
      (13,7): 13.6024, 13.6743, 13.7543, 13.8243, 13.9043, 13.9763, 14.0563,
      (13,14): 14.1263, 14.2063, 14.2782, 14.3582, 14.4282, 14.5082, 14.5801,
      (13,21): 14.6501, 14.7301, 14.8001, 14.882, 14.952, 15.032, 15.102,
      (13,28): 15.184, 15.254, 15.334, 15.404,
      (14,0): 14.0705, 14.1405, 14.2105, 14.2805, 14.3524, 14.4224, 14.4924,
      (14,7): 14.5624, 14.6343, 14.6943, 14.7643, 14.8343, 14.9063, 14.9763,
      (14,14): 15.0463, 15.1163, 15.1882, 15.2582, 15.3282, 15.3982, 15.4701,
      (14,21): 15.5401, 15.6101, 15.6801, 15.752, 15.822, 15.892, 15.962,
      (14,28): 16.024, 16.094, 16.164, 16.234,
      (15,0): 15.0605, 15.1305, 15.2005, 15.2605, 15.3224, 15.3924, 15.4624,
      (15,7): 15.5224, 15.5843, 15.6543, 15.7143, 15.7843, 15.8463, 15.9163,
      (15,14): 15.9763, 16.0463, 16.1082, 16.1782, 16.2382, 16.3082, 16.3701,
      (15,21): 16.4401, 16.5001, 16.5701, 16.632, 16.702, 16.762, 16.832,
      (15,28): 16.894, 16.964, 17.024, 17.094,
      (16,0): 16.0613, 16.1213, 16.1813, 16.2413, 16.3067, 16.3667, 16.4267,
      (16,7): 16.4867, 16.5521, 16.6121, 16.6721, 16.7321, 16.7975, 16.8575,
      (16,14): 16.9175, 16.9775, 17.0429, 17.1029, 17.1629, 17.2229, 17.2883,
      (16,21): 17.3483, 17.4083, 17.4683, 17.5337, 17.5937, 17.6537, 17.7137,
      (16,28): 17.7791, 17.8391, 17.8991, 17.9591,
      (17,0): 17.0613, 17.1113, 17.1713, 17.2313, 17.2867, 17.3467, 17.4067,
      (17,7): 17.4667, 17.5221, 17.5821, 17.6321, 17.6921, 17.7475, 17.8075,
      (17,14): 17.8675, 17.9275, 17.9829, 18.0429, 18.1029, 18.1529, 18.2183,
      (17,21): 18.2683, 18.3283, 18.3883, 18.4437, 18.5037, 18.5637, 18.6137,
      (17,28): 18.6791, 18.7291, 18.7891, 18.8491,
      (18,0): 18.0513, 18.1113, 18.1613, 18.2213, 18.2767, 18.3267, 18.3867,
      (18,7): 18.4367, 18.4921, 18.5421, 18.6021, 18.6521, 18.7075, 18.7675,
      (18,14): 18.8175, 18.8775, 18.9329, 18.9829, 19.0429, 19.0929, 19.1483,
      (18,21): 19.1983, 19.2583, 19.3083, 19.3637, 19.4237, 19.4737, 19.5337,
      (18,28): 19.5891, 19.6391, 19.6891, 19.7491,
      (19,0): 19.0513, 19.1013, 19.1513, 19.2113, 19.2567, 19.3067, 19.3667,
      (19,7): 19.4167, 19.4621, 19.5221, 19.5721, 19.6221, 19.6775, 19.7275,
      (19,14): 19.7775, 19.8275, 19.8829, 19.9329, 19.9829, 20.0329, 20.0883,
      (19,21): 20.1383, 20.1883, 20.2483, 20.2937, 20.3437, 20.4037, 20.4537,
      (19,28): 20.4991, 20.5591, 20.6091, 20.6591,
      (20,0): 20.0513, 20.1013, 20.1513, 20.2013, 20.2467, 20.2967, 20.3467,
      (20,7): 20.3967, 20.4421, 20.4921, 20.5421, 20.5921, 20.6375, 20.6875,
      (20,14): 20.7375, 20.7875, 20.8329, 20.8829, 20.9329, 20.9829, 21.0383,
      (20,21): 21.0883, 21.1283, 21.1783, 21.2337, 21.2837, 21.3337, 21.3837,
      (20,28): 21.4291, 21.4791, 21.5291, 21.5791,
      (21,0): 21.0513, 21.0913, 21.1413, 21.1913, 21.2367, 21.2767, 21.3267,
      (21,7): 21.3767, 21.4221, 21.4721, 21.5121, 21.5621, 21.6075, 21.6575,
      (21,14): 21.7075, 21.7475, 21.8029, 21.8429, 21.8929, 21.9429, 21.9883,
      (21,21): 22.0283, 22.0783, 22.1283, 22.1737, 22.2237, 22.2637, 22.3137,
      (21,28): 22.3591, 22.4091, 22.4591, 22.4991,
      (22,0): 22.0413, 22.0913, 22.1313, 22.1813, 22.2267, 22.2667, 22.3167,
      (22,7): 22.3567, 22.4021, 22.4521, 22.4921, 22.5421, 22.5875, 22.6275,
      (22,14): 22.6775, 22.7175, 22.7629, 22.8029, 22.8529, 22.8929, 22.9383,
      (22,21): 22.9883, 23.0283, 23.0783, 23.1237, 23.1637, 23.2137, 23.2537,
      (22,28): 23.2991, 23.3491, 23.3891, 23.4391,
      (23,0): 23.0413, 23.0813, 23.1313, 23.1713, 23.2167, 23.2567, 23.2967,
      (23,7): 23.3467, 23.3821, 23.4321, 23.4721, 23.5121, 23.5575, 23.5975,
      (23,14): 23.6475, 23.6875, 23.7329, 23.7729, 23.8129, 23.8629, 23.8983,
      (23,21): 23.9483, 23.9883, 24.0283, 24.0737, 24.1137, 24.1637, 24.2037,
      (23,28): 24.2491, 24.2891, 24.3291, 24.3691,
      (24,0): 24.0412, 24.0812, 24.1212, 24.1612, 24.2058, 24.2458, 24.2858,
      (24,7): 24.3258, 24.3704, 24.4104, 24.4504, 24.4904, 24.535, 24.575,
      (24,14): 24.615, 24.655, 24.6996, 24.7396, 24.7796, 24.8196, 24.8642,
      (24,21): 24.9042, 24.9442, 24.9842, 25.0288, 25.0688, 25.1088, 25.1488,
      (24,28): 25.1934, 25.2334, 25.2734, 25.3134,
      (25,0): 25.0412, 25.0812, 25.1212, 25.1612, 25.1958, 25.2358, 25.2758,
      (25,7): 25.3158, 25.3604, 25.3904, 25.4304, 25.4704, 25.515, 25.555,
      (25,14): 25.595, 25.635, 25.6696, 25.7096, 25.7496, 25.7896, 25.8342,
      (25,21): 25.8742, 25.9042, 25.9442, 25.9888, 26.0288, 26.0688, 26.1088,
      (25,28): 26.1434, 26.1834, 26.2234, 26.2634,
      (26,0): 26.0412, 26.0712, 26.1112, 26.1512, 26.1858, 26.2258, 26.2658,
      (26,7): 26.3058, 26.3404, 26.3804, 26.4204, 26.4604, 26.495, 26.535,
      (26,14): 26.575, 26.605, 26.6496, 26.6796, 26.7196, 26.7596, 26.7942,
      (26,21): 26.8342, 26.8742, 26.9142, 26.9488, 26.9888, 27.0288, 27.0688,
      (26,28): 27.1034, 27.1434, 27.1834, 27.2134,
      (27,0): 27.0412, 27.0712, 27.1112, 27.1512, 27.1858, 27.2158, 27.2558,
      (27,7): 27.2958, 27.3304, 27.3704, 27.4004, 27.4404, 27.475, 27.515,
      (27,14): 27.545, 27.585, 27.6196, 27.6596, 27.6996, 27.7296, 27.7742,
      (27,21): 27.8042, 27.8442, 27.8742, 27.9188, 27.9488, 27.9888, 28.0288,
      (27,28): 28.0634, 28.1034, 28.1334, 28.1734,
      (28,0): 28.0312, 28.0712, 28.1012, 28.1412, 28.1758, 28.2158, 28.2458,
      (28,7): 28.2858, 28.3204, 28.3504, 28.3904, 28.4204, 28.455, 28.495,
      (28,14): 28.535, 28.565, 28.5996, 28.6396, 28.6696, 28.7096, 28.7442,
      (28,21): 28.7742, 28.8142, 28.8442, 28.8788, 28.9188, 28.9588, 28.9888,
      (28,28): 29.0234, 29.0634, 29.0934, 29.1334,
      (29,0): 29.0312, 29.0712, 29.1012, 29.1412, 29.1658, 29.2058, 29.2358,
      (29,7): 29.2758, 29.3104, 29.3404, 29.3804, 29.4104, 29.445, 29.475,
      (29,14): 29.515, 29.545, 29.5796, 29.6096, 29.6496, 29.6796, 29.7142,
      (29,21): 29.7542, 29.7842, 29.8142, 29.8488, 29.8888, 29.9188, 29.9588,
      (29,28): 29.9934, 30.0234, 30.0534, 30.0934,
      (30,0): 30.0312, 30.0612, 30.1012, 30.1312, 30.1658, 30.1958, 30.2358,
      (30,7): 30.2658, 30.3004, 30.3304, 30.3604, 30.4004, 30.425, 30.465,
      (30,14): 30.495, 30.525, 30.5596, 30.5896, 30.6296, 30.6596, 30.6942,
      (30,21): 30.7242, 30.7542, 30.7942, 30.8288, 30.8588, 30.8888, 30.9288,
      (30,28): 30.9534, 30.9934, 31.0234, 31.0534,
      (31,0): 31.0312, 31.0612, 31.0912, 31.1312, 31.1558, 31.1958, 31.2258,
      (31,7): 31.2558, 31.2904, 31.3204, 31.3504, 31.3804, 31.415, 31.445,
      (31,14): 31.475, 31.515, 31.5396, 31.5796, 31.6096, 31.6396, 31.6742,
      (31,21): 31.7042, 31.7342, 31.7642, 31.7988, 31.8288, 31.8588, 31.8988,
      (31,28): 31.9234, 31.9634, 31.9934, 32.0234,
      (32,0): 32.031, 32.061, 32.091, 32.121, 32.1548, 32.1848, 32.2148,
      (32,7): 32.2448, 32.2786, 32.3086, 32.3386, 32.3686, 32.4025, 32.4325,
      (32,14): 32.4625, 32.4925, 32.5263, 32.5563, 32.5863, 32.6163, 32.6502,
      (32,21): 32.6802, 32.7102, 32.7402, 32.774, 32.804, 32.834, 32.864,
      (32,28): 32.8978, 32.9278, 32.9578, 32.9878,
      (33,0): 33.031, 33.061, 33.091, 33.121, 33.1548, 33.1848, 33.2148,
      (33,7): 33.2448, 33.2686, 33.2986, 33.3286, 33.3586, 33.3925, 33.4225,
      (33,14): 33.4525, 33.4825, 33.5063, 33.5363, 33.5663, 33.5963, 33.6302,
      (33,21): 33.6602, 33.6902, 33.7202, 33.754, 33.784, 33.814, 33.844,
      (33,28): 33.8678, 33.8978, 33.9278, 33.9578,
      (34,0): 34.031, 34.061, 34.091, 34.121, 34.1448, 34.1748, 34.2048,
      (34,7): 34.2348, 34.2586, 34.2886, 34.3186, 34.3486, 34.3825, 34.4125,
      (34,14): 34.4325, 34.4625, 34.4963, 34.5263, 34.5563, 34.5863, 34.6102,
      (34,21): 34.6402, 34.6702, 34.7002, 34.724, 34.754, 34.784, 34.814,
      (34,28): 34.8478, 34.8778, 34.9078, 34.9378,
      (35,0): 35.031, 35.061, 35.081, 35.111, 35.1448, 35.1748, 35.1948,
      (35,7): 35.2248, 35.2586, 35.2786, 35.3086, 35.3386, 35.3725, 35.3925,
      (35,14): 35.4225, 35.4525, 35.4863, 35.5063, 35.5363, 35.5663, 35.5902,
      (35,21): 35.6202, 35.6502, 35.6802, 35.704, 35.734, 35.764, 35.794,
      (35,28): 35.8178, 35.8478, 35.8778, 35.9078,
      (36,0): 36.031, 36.051, 36.081, 36.111, 36.1348, 36.1648, 36.1948,
      (36,7): 36.2248, 36.2486, 36.2786, 36.2986, 36.3286, 36.3625, 36.3825,
      (36,14): 36.4125, 36.4425, 36.4663, 36.4963, 36.5263, 36.5463, 36.5802,
      (36,21): 36.6102, 36.6302, 36.6602, 36.684, 36.714, 36.744, 36.774,
      (36,28): 36.7978, 36.8278, 36.8578, 36.8778,
      (37,0): 37.031, 37.051, 37.081, 37.111, 37.1348, 37.1648, 37.1848,
      (37,7): 37.2148, 37.2386, 37.2686, 37.2986, 37.3186, 37.3525, 37.3725,
      (37,14): 37.4025, 37.4325, 37.4563, 37.4863, 37.5063, 37.5363, 37.5602,
      (37,21): 37.5902, 37.6202, 37.6402, 37.674, 37.694, 37.724, 37.754,
      (37,28): 37.7778, 37.8078, 37.8278, 37.8578,
      (38,0): 38.031, 38.051, 38.081, 38.101, 38.1348, 38.1548, 38.1848,
      (38,7): 38.2048, 38.2386, 38.2586, 38.2886, 38.3086, 38.3425, 38.3625,
      (38,14): 38.3925, 38.4225, 38.4463, 38.4663, 38.4963, 38.5263, 38.5502,
      (38,21): 38.5702, 38.6002, 38.6302, 38.654, 38.674, 38.704, 38.734,
      (38,28): 38.7578, 38.7878, 38.8078, 38.8378,
      (39,0): 39.021, 39.051, 39.081, 39.101, 39.1248, 39.1548, 39.1748,
      (39,7): 39.2048, 39.2286, 39.2586, 39.2786, 39.3086, 39.3325, 39.3525,
      (39,14): 39.3825, 39.4025, 39.4363, 39.4563, 39.4863, 39.5063, 39.5302,
      (39,21): 39.5602, 39.5902, 39.6102, 39.634, 39.664, 39.684, 39.714,
      (39,28): 39.7378, 39.7678, 39.7878, 39.8178,
      (40,0): 40.0248, 40.0448, 40.0748, 40.0948, 40.1241, 40.1441, 40.1741,
      (40,7): 40.1941, 40.2233, 40.2433, 40.2733, 40.2933, 40.3226, 40.3426,
      (40,14): 40.3726, 40.3926, 40.4218, 40.4418, 40.4718, 40.4918, 40.5211,
      (40,21): 40.5411, 40.5711, 40.5911, 40.6203, 40.6403, 40.6703, 40.6903,
      (40,28): 40.7196, 40.7396, 40.7696, 40.7896,
      (41,0): 41.0248, 41.0448, 41.0748, 41.0948, 41.1241, 41.1441, 41.1741,
      (41,7): 41.1941, 41.2133, 41.2433, 41.2633, 41.2933, 41.3126, 41.3426,
      (41,14): 41.3626, 41.3826, 41.4118, 41.4318, 41.4618, 41.4818, 41.5111,
      (41,21): 41.5311, 41.5611, 41.5811, 41.6003, 41.6303, 41.6503, 41.6803,
      (41,28): 41.6996, 41.7296, 41.7496, 41.7796,
      (42,0): 42.0248, 42.0448, 42.0748, 42.0948, 42.1141, 42.1441, 42.1641,
      (42,7): 42.1941, 42.2133, 42.2333, 42.2633, 42.2833, 42.3026, 42.3326,
      (42,14): 42.3526, 42.3826, 42.4018, 42.4218, 42.4518, 42.4718, 42.5011,
      (42,21): 42.5211, 42.5411, 42.5711, 42.5903, 42.6103, 42.6403, 42.6603,
      (42,28): 42.6896, 42.7096, 42.7296, 42.7596,
      (43,0): 43.0248, 43.0448, 43.0648, 43.0948, 43.1141, 43.1341, 43.1641,
      (43,7): 43.1841, 43.2033, 43.2333, 43.2533, 43.2733, 43.3026, 43.3226,
      (43,14): 43.3426, 43.3726, 43.3918, 43.4118, 43.4418, 43.4618, 43.4811,
      (43,21): 43.5111, 43.5311, 43.5511, 43.5803, 43.6003, 43.6203, 43.6503,
      (43,28): 43.6696, 43.6896, 43.7196, 43.7396,
      (44,0): 44.0248, 44.0448, 44.0648, 44.0948, 44.1141, 44.1341, 44.1541,
      (44,7): 44.1841, 44.2033, 44.2233, 44.2433, 44.2733, 44.2926, 44.3126,
      (44,14): 44.3426, 44.3626, 44.3818, 44.4018, 44.4318, 44.4518, 44.4711,
      (44,21): 44.5011, 44.5211, 44.5411, 44.5603, 44.5903, 44.6103, 44.6303,
      (44,28): 44.6596, 44.6796, 44.6996, 44.7196,
      (45,0): 45.0248, 45.0448, 45.0648, 45.0848, 45.1141, 45.1341, 45.1541,
      (45,7): 45.1741, 45.2033, 45.2233, 45.2433, 45.2633, 45.2826, 45.3126,
      (45,14): 45.3326, 45.3526, 45.3718, 45.4018, 45.4218, 45.4418, 45.4611,
      (45,21): 45.4811, 45.5111, 45.5311, 45.5503, 45.5703, 45.6003, 45.6203,
      (45,28): 45.6396, 45.6596, 45.6796, 45.7096,
      (46,0): 46.0248, 46.0448, 46.0648, 46.0848, 46.1041, 46.1341, 46.1541,
      (46,7): 46.1741, 46.1933, 46.2133, 46.2333, 46.2633, 46.2826, 46.3026,
      (46,14): 46.3226, 46.3426, 46.3718, 46.3918, 46.4118, 46.4318, 46.4511,
      (46,21): 46.4711, 46.5011, 46.5211, 46.5403, 46.5603, 46.5803, 46.6003,
      (46,28): 46.6296, 46.6496, 46.6696, 46.6896,
      (47,0): 47.0248, 47.0448, 47.0648, 47.0848, 47.1041, 47.1241, 47.1441,
      (47,7): 47.1741, 47.1933, 47.2133, 47.2333, 47.2533, 47.2726, 47.2926,
      (47,14): 47.3126, 47.3426, 47.3618, 47.3818, 47.4018, 47.4218, 47.4411,
      (47,21): 47.4611, 47.4911, 47.5111, 47.5303, 47.5503, 47.5703, 47.5903,
      (47,28): 47.6096, 47.6296, 47.6596, 47.6796,
      (48,0): 48.0207, 48.0407, 48.0607, 48.0807, 48.1035, 48.1235, 48.1435,
      (48,7): 48.1635, 48.1863, 48.2063, 48.2263, 48.2463, 48.2692, 48.2892,
      (48,14): 48.3092, 48.3292, 48.352, 48.372, 48.392, 48.412, 48.4348,
      (48,21): 48.4548, 48.4748, 48.4948, 48.5176, 48.5376, 48.5576, 48.5776,
      (48,28): 48.6004, 48.6204, 48.6404, 48.6604,
      (49,0): 49.0207, 49.0407, 49.0607, 49.0807, 49.1035, 49.1235, 49.1435,
      (49,7): 49.1635, 49.1863, 49.2063, 49.2263, 49.2463, 49.2592, 49.2792,
      (49,14): 49.3092, 49.3292, 49.342, 49.362, 49.382, 49.402, 49.4248,
      (49,21): 49.4448, 49.4648, 49.4848, 49.5076, 49.5276, 49.5476, 49.5676,
      (49,28): 49.5904, 49.6104, 49.6304, 49.6504,
      (50,0): 50.0207, 50.0407, 50.0607, 50.0807, 50.1035, 50.1235, 50.1435,
      (50,7): 50.1635, 50.1763, 50.1963, 50.2163, 50.2363, 50.2592, 50.2792,
      (50,14): 50.2992, 50.3192, 50.342, 50.362, 50.382, 50.402, 50.4148,
      (50,21): 50.4348, 50.4548, 50.4748, 50.4976, 50.5176, 50.5376, 50.5576,
      (50,28): 50.5804, 50.6004, 50.6204, 50.6404,
      (51,0): 51.0207, 51.0407, 51.0607, 51.0807, 51.0935, 51.1135, 51.1335,
      (51,7): 51.1535, 51.1763, 51.1963, 51.2163, 51.2363, 51.2492, 51.2692,
      (51,14): 51.2892, 51.3092, 51.332, 51.352, 51.372, 51.392, 51.4048,
      (51,21): 51.4248, 51.4448, 51.4648, 51.4876, 51.5076, 51.5276, 51.5476,
      (51,28): 51.5604, 51.5804, 51.6004, 51.6204,
      (52,0): 52.0207, 52.0407, 52.0607, 52.0807, 52.0935, 52.1135, 52.1335,
      (52,7): 52.1535, 52.1763, 52.1863, 52.2063, 52.2263, 52.2492, 52.2692,
      (52,14): 52.2892, 52.3092, 52.322, 52.342, 52.362, 52.382, 52.4048,
      (52,21): 52.4248, 52.4348, 52.4548, 52.4776, 52.4976, 52.5176, 52.5376,
      (52,28): 52.5504, 52.5704, 52.5904, 52.6104,
      (53,0): 53.0207, 53.0407, 53.0607, 53.0707, 53.0935, 53.1135, 53.1335,
      (53,7): 53.1535, 53.1663, 53.1863, 53.2063, 53.2263, 53.2392, 53.2592,
      (53,14): 53.2792, 53.2992, 53.322, 53.342, 53.352, 53.372, 53.3948,
      (53,21): 53.4148, 53.4348, 53.4548, 53.4676, 53.4876, 53.5076, 53.5276,
      (53,28): 53.5404, 53.5604, 53.5804, 53.6004,
      (54,0): 54.0207, 54.0407, 54.0507, 54.0707, 54.0935, 54.1135, 54.1335,
      (54,7): 54.1435, 54.1663, 54.1863, 54.2063, 54.2163, 54.2392, 54.2592,
      (54,14): 54.2792, 54.2992, 54.312, 54.332, 54.352, 54.372, 54.3848,
      (54,21): 54.4048, 54.4248, 54.4448, 54.4576, 54.4776, 54.4976, 54.5176,
      (54,28): 54.5304, 54.5504, 54.5704, 54.5904,
      (55,0): 55.0207, 55.0407, 55.0507, 55.0707, 55.0935, 55.1035, 55.1235,
      (55,7): 55.1435, 55.1663, 55.1763, 55.1963, 55.2163, 55.2392, 55.2492,
      (55,14): 55.2692, 55.2892, 55.312, 55.322, 55.342, 55.362, 55.3748,
      (55,21): 55.3948, 55.4148, 55.4348, 55.4476, 55.4676, 55.4876, 55.5076,
      (55,28): 55.5204, 55.5404, 55.5604, 55.5804,
      (56,0): 56.0178, 56.0378, 56.0578, 56.0678, 56.0888, 56.1088, 56.1288,
      (56,7): 56.1388, 56.1599, 56.1799, 56.1999, 56.2099, 56.2309, 56.2509,
      (56,14): 56.2709, 56.2809, 56.302, 56.322, 56.342, 56.352, 56.373,
      (56,21): 56.393, 56.413, 56.423, 56.444, 56.464, 56.484, 56.494,
      (56,28): 56.5151, 56.5351, 56.5551, 56.5651,
      (57,0): 57.0178, 57.0378, 57.0478, 57.0678, 57.0888, 57.1088, 57.1188,
      (57,7): 57.1388, 57.1599, 57.1699, 57.1899, 57.2099, 57.2309, 57.2409,
      (57,14): 57.2609, 57.2809, 57.292, 57.312, 57.332, 57.352, 57.363,
      (57,21): 57.383, 57.403, 57.423, 57.434, 57.454, 57.474, 57.484,
      (57,28): 57.5051, 57.5251, 57.5451, 57.5551,
      (58,0): 58.0178, 58.0378, 58.0478, 58.0678, 58.0888, 58.0988, 58.1188,
      (58,7): 58.1388, 58.1499, 58.1699, 58.1899, 58.2099, 58.2209, 58.2409,
      (58,14): 58.2609, 58.2709, 58.292, 58.312, 58.322, 58.342, 58.363,
      (58,21): 58.373, 58.393, 58.413, 58.424, 58.444, 58.464, 58.484,
      (58,28): 58.4951, 58.5151, 58.5351, 58.5451,
      (59,0): 59.0178, 59.0378, 59.0478, 59.0678, 59.0888, 59.0988, 59.1188,
      (59,7): 59.1388, 59.1499, 59.1699, 59.1899, 59.1999, 59.2209, 59.2409,
      (59,14): 59.2509, 59.2709, 59.282, 59.302, 59.322, 59.342, 59.353,
      (59,21): 59.373, 59.383, 59.403, 59.424, 59.434, 59.454, 59.474,
      (59,28): 59.4851, 59.5051, 59.5251, 59.5351,
      (60,0): 60.0178, 60.0378, 60.0478, 60.0678, 60.0788, 60.0988, 60.1188,
      (60,7): 60.1288, 60.1499, 60.1699, 60.1799, 60.1999, 60.2109, 60.2309,
      (60,14): 60.2509, 60.2609, 60.282, 60.302, 60.312, 60.332, 60.353,
      (60,21): 60.363, 60.383, 60.403, 60.414, 60.434, 60.444, 60.464,
      (60,28): 60.4851, 60.4951, 60.5151, 60.5351,
      (61,0): 61.0178, 61.0278, 61.0478, 61.0678, 61.0788, 61.0988, 61.1188,
      (61,7): 61.1288, 61.1499, 61.1599, 61.1799, 61.1999, 61.2109, 61.2309,
      (61,14): 61.2409, 61.2609, 61.282, 61.292, 61.312, 61.322, 61.343,
      (61,21): 61.363, 61.373, 61.393, 61.404, 61.424, 61.444, 61.454,
      (61,28): 61.4751, 61.4851, 61.5051, 61.5251,
      (62,0): 62.0178, 62.0278, 62.0478, 62.0678, 62.0788, 62.0988, 62.1088,
      (62,7): 62.1288, 62.1399, 62.1599, 62.1799, 62.1899, 62.2109, 62.2209,
      (62,14): 62.2409, 62.2609, 62.272, 62.292, 62.302, 62.322, 62.333,
      (62,21): 62.353, 62.373, 62.383, 62.404, 62.414, 62.434, 62.454,
      (62,28): 62.4651, 62.4851, 62.4951, 62.5151,
      (63,0): 63.0178, 63.0278, 63.0478, 63.0678, 63.0788, 63.0988, 63.1088,
      (63,7): 63.1288, 63.1399, 63.1599, 63.1699, 63.1899, 63.2009, 63.2209,
      (63,14): 63.2409, 63.2509, 63.272, 63.282, 63.302, 63.312, 63.333,
      (63,21): 63.343, 63.363, 63.383, 63.394, 63.414, 63.424, 63.444,
      (63,28): 63.4551, 63.4751, 63.4851, 63.5051
      }
   }
}
}



